000000000000000000001100
000000000000000000000101
000000000000000000010100
000000000000000000011111
000000000000000000001101
000000000000000000000101
000000000000000000011111
000000000000000000001110
000000000000000000001111
000000000000000000010100
000000000000000000011111
000000000000000000010100
000000000000000000001111
000000000000000000011111
000000000000000000010100
000000000000000000001000
000000000000000000000101
000000000000000000011111
000000000000000000001101
000000000000000000000001
000000000000000000010010
000000000000000000010010
000000000000000000001001
000000000000000000000001
000000000000000000000111
000000000000000000000101
000000000000000000011111
000000000000000000001111
000000000000000000000110
000000000000000000011111
000000000000000000010100
000000000000000000010010
000000000000000000010101
000000000000000000000101
000000000000000000011111
000000000000000000001101
000000000000000000001001
000000000000000000001110
000000000000000000000100
000000000000000000010011
000000000000000000011110
000000000000000000011111
000000000000000000000001
000000000000000000000100
000000000000000000001101
000000000000000000001001
000000000000000000010100
000000000000000000011111
000000000000000000001001
000000000000000000001101
000000000000000000010000
000000000000000000000101
000000000000000000000100
000000000000000000001001
000000000000000000001101
000000000000000000000101
000000000000000000001110
000000000000000000010100
000000000000000000001100
000000000000000000000101
000000000000000000010100
000000000000000000011111
000000000000000000001101
000000000000000000000101
000000000000000000011111
000000000000000000001110
000000000000000000001111
000000000000000000010100
000000000000000000011111
000000000000000000010100
000000000000000000001111
000000000000000000011111
000000000000000000010100
000000000000000000001000
000000000000000000000101
000000000000000000011111
000000000000000000001101
000000000000000000000001
000000000000000000010010
000000000000000000010010
000000000000000000001001
000000000000000000000001
000000000000000000000111
000000000000000000000101
000000000000000000011111
000000000000000000001111
000000000000000000000110
000000000000000000011111
000000000000000000010100
000000000000000000010010
000000000000000000010101
000000000000000000000101
000000000000000000011111
000000000000000000001101
000000000000000000001001
000000000000000000001110
000000000000000000000100
000000000000000000010011
000000000000000000011110
000000000000000000011111
000000000000000000000001
000000000000000000000100
000000000000000000001101
000000000000000000001001
000000000000000000010100
000000000000000000011111
000000000000000000001001
000000000000000000001101
000000000000000000010000
000000000000000000000101
000000000000000000000100
000000000000000000001001
000000000000000000001101
000000000000000000000101
000000000000000000001110
000000000000000000010100
000000000000000000010011
000000000000000000001100
000000000000000000000101
000000000000000000010100
000000000000000000011111
000000000000000000001101
000000000000000000000101
000000000000000000011111
000000000000000000001110
000000000000000000001111
000000000000000000010100
000000000000000000011111
000000000000000000010100
000000000000000000001111
000000000000000000011111
000000000000000000010100
000000000000000000001000
000000000000000000000101
000000000000000000011111
000000000000000000001101
000000000000000000000001
000000000000000000010010
000000000000000000010010
000000000000000000001001
000000000000000000000001
000000000000000000000111
000000000000000000000101
000000000000000000011111
000000000000000000001111
000000000000000000000110
000000000000000000011111
000000000000000000010100
000000000000000000010010
000000000000000000010101
000000000000000000000101
000000000000000000011111
000000000000000000001101
000000000000000000001001
000000000000000000001110
000000000000000000000100
000000000000000000010011
000000000000000000011110
000000000000000000011111
000000000000000000000001
000000000000000000000100
000000000000000000001101
000000000000000000001001
000000000000000000010100
000000000000000000011111
000000000000000000001001
000000000000000000001101
000000000000000000010000
000000000000000000000101
000000000000000000000100
000000000000000000001001
000000000000000000001101
000000000000000000000101
000000000000000000001110
000000000000000000010100
000000000000000000010011
000000000000000000001100
000000000000000000000101
000000000000000000010100
000000000000000000011111
000000000000000000001101
000000000000000000000101
000000000000000000011111
000000000000000000001110
000000000000000000001111
000000000000000000010100
000000000000000000011111
000000000000000000010100
000000000000000000001111
000000000000000000011111
000000000000000000010100
000000000000000000001000
000000000000000000000101
000000000000000000011111
000000000000000000001101
000000000000000000000001
000000000000000000010010
000000000000000000010010
000000000000000000001001
000000000000000000000001
000000000000000000000111
000000000000000000000101
000000000000000000011111
000000000000000000001111
000000000000000000000110
000000000000000000011111
000000000000000000010100
000000000000000000010010
000000000000000000010101
000000000000000000000101
000000000000000000011111
000000000000000000001101
000000000000000000001001
000000000000000000001110
000000000000000000000100
000000000000000000010011
000000000000000000011110
000000000000000000011111
000000000000000000000001
000000000000000000000100
000000000000000000001101
000000000000000000001001
000000000000000000010100
000000000000000000011111
000000000000000000001001
000000000000000000001101
000000000000000000010000
000000000000000000000101
000000000000000000000100
000000000000000000001001
000000000000000000001101
000000000000000000000101
000000000000000000001110
000000000000000000010100
000000000000000000010011
000000000000000000001100
000000000000000000000101
000000000000000000010100
000000000000000000011111
000000000000000000001101
000000000000000000000101
000000000000000000011111
000000000000000000001110
000000000000000000001111
000000000000000000010100
000000000000000000011111
000000000000000000010100
000000000000000000001111
000000000000000000011111
000000000000000000010100
000000000000000000001000
000000000000000000000101
000000000000000000011111
000000000000000000001101
000000000000000000000001
000000000000000000010010
000000000000000000010010
000000000000000000001001
000000000000000000000001
000000000000000000000111
000000000000000000000101
000000000000000000011111
000000000000000000001111
000000000000000000000110
000000000000000000011111
000000000000000000010100
000000000000000000010010
000000000000000000010101
000000000000000000000101
000000000000000000011111
000000000000000000001101
000000000000000000001001
000000000000000000001110
000000000000000000000100
000000000000000000010011
000000000000000000011110
000000000000000000011111
000000000000000000000001
000000000000000000000100
000000000000000000001101
000000000000000000001001
000000000000000000010100
000000000000000000011111
000000000000000000001001
000000000000000000001101
000000000000000000010000
000000000000000000000101
000000000000000000000100
000000000000000000001001
000000000000000000001101
000000000000000000000101
000000000000000000001110
000000000000000000010100
000000000000000000010011
000000000000000000010011
000000000000000000010011
000000000000000000010011
000000000000000000010011
000000000000000000010011
000000000000000000010011
000000000000000000001100
000000000000000000001100