011111000001000001000001000001000000
011111000001011111000001011111000000
000100000100000100000100011111000000
000000000000000000000000000000000000
010001010101011011011011010001000000
011111000001011111000001011111000000
000000000000000000000000000000000000
010001011001010101010011010001000000
001110010001010001010001001110000000
000100000100000100000100011111000000
000000000000000000000000000000000000
000100000100000100000100011111000000
001110010001010001010001001110000000
000000000000000000000000000000000000
000100000100000100000100011111000000
010001010001011111010001010001000000
011111000001011111000001011111000000
000000000000000000000000000000000000
010001010101011011011011010001000000
010001011111010001010001011111000000
010001011111001001001001001111000000
010001011111001001001001001111000000
011111000100000100000100011111000000
010001011111010001010001011111000000
011111010001011101000001011111000000
011111000001011111000001011111000000
000000000000000000000000000000000000
001110010001010001010001001110000000
000001000001011111000001011111000000
000000000000000000000000000000000000
000100000100000100000100011111000000
010001011111001001001001001111000000
011111010001010001010001010001000000
011111000001011111000001011111000000
000000000000000000000000000000000000
010001010101011011011011010001000000
011111000100000100000100011111000000
010001011001010101010011010001000000
000111011001010001011001000111000000
011111010000011111000001011111000000
000011000011000000000000000000000000
000000000000000000000000000000000000
010001011111010001010001011111000000
000111011001010001011001000111000000
010001010101011011011011010001000000
011111000100000100000100011111000000
000100000100000100000100011111000000
000000000000000000000000000000000000
011111000100000100000100011111000000
010001010101011011011011010001000000
000001011111010001010001011111000000
011111000001011111000001011111000000
000111011001010001011001000111000000
011111000100000100000100011111000000
010001010101011011011011010001000000
011111000001011111000001011111000000
010001011001010101010011010001000000
000100000100000100000100011111000000
011111010000011111000001011111000000
000001000010000010000000000000000000
000000000000000000000000000000000000
011111000001000001000001000001000000
001110010001010001010001001110000000
000100001010001010010001010001000000
011111000001011111000001011111000000
000000000000000000000000000000000000
011111000100000100000100011111000000
011111010000011111000001011111000000
000000000000000000000000000000000000
010001011001010101010011010001000000
001110010001010001010001001110000000
000100000100000100000100011111000000
000000000000000000000000000000000000
011111000001000001000001000001000000
001110010001010001010001001110000000
000100001010001010010001010001000000
011111000001011111000001011111000000
000011000011000000000000000000000000
000000000000000000000000000000000000
000000000000000000000000000000000000
000000000000000000000000000000000000
000000000000000000000000000000000000
011111010101010101010101010101000000
010001010001011111010001010001000000
011111000100000100000100011111000000
011111000001000001000001011111000000
010001010001011111010001010001000000
000000000000000000000000000000000000
010001011111010001010001011111000000
011111000001000001000001000001000000
000100000100000100000100011111000000
011111000001011111000001011111000000
010001011111001001001001001111000000
011111010000011111000001011111000000
000000000000000000000000000000000000
011111010101010101010101010101000000
010001010001011111010001010001000000
011111000001011111000001011111000000
010001011001010101010011010001000000
000000000000000000000000000000000000
011111000100000100000100011111000000
000100000100000100000100011111000000
000000000000000000000000000000000000
010001011111010001010001011111000000
011111000001000001000001000001000000
000100000100000100000100011111000000
011111000001011111000001011111000000
010001011111001001001001001111000000
010001011111010001010001011111000000
000100000100000100000100011111000000
011111000100000100000100011111000000
001110010001010001010001001110000000
010001011001010101010011010001000000
000000000000000000000000000000000000
000001000001011111000001011111000000
011111000100000100000100011111000000
010001011001010101010011010001000000
000111011001010001011001000111000000
011111010000011111000001011111000000
000001000010000010000000000000000000
000000000000000000000000000000000000
001110010001010001010001001110000000
010001011111001001001001001111000000
000000000000000000000000000000000000
011111010001011111001001001111000000
011111000001011111000001011111000000
010001011001010101010011010001000000
000111011001010001011001000111000000
011111010000011111000001011111000000
000000000000000000000000000000000000
011111010101010101010101010101000000
011111000100000100000100011111000000
000100000100000100000100011111000000
010001010001011111010001010001000000
000000000000000000000000000000000000
000100000100000100000100011111000000
010001010001011111010001010001000000
011111000001011111000001011111000000
000000000000000000000000000000000000
010001011111001001001001001111000000
011111000001011111000001011111000000
010001010101011011011011010001000000
001110010001010001010001001110000000
000100001010001010010001010001000000
011111000001011111000001011111000000
010001011111001001001001001111000000
000000000000000000000000000000000000
000100000100000100000100011111000000
001110010001010001010001001110000000
000000000000000000000000000000000000
010001011111001001001001001111000000
011111000001011111000001011111000000
010001010101011011011011010001000000
001110010001010001010001001110000000
000100001010001010010001010001000000
011111000001011111000001011111000000
000011000011000000000000000000000000
000000000000000000000000000000000000
001110010001010001010001001110000000
000000000000000000000000000000000000
010001011001010101010011010001000000
001110010001010001010001001110000000
000001000010000010000000000000000000
000000000000000000000000000000000000
011111000100000100000100011111000000
000100000100000100000100011111000000
000000000000000000000000000000000000
011111000100000100000100011111000000
011111010000011111000001011111000000
000000000000000000000000000000000000
010001011111010001010001011111000000
010001011001010101010011010001000000
000000000000000000000000000000000000
011111000001011111000001011111000000
000100001010001010010001010001000000
011111000001011111000001011111000000
010001011111001001001001001111000000
000001000001011111000001011111000000
011111000100000100000100011111000000
010001001010000100001010010001000000
011111000001011111000001011111000000
000111011001010001011001000111000000
000000000000000000000000000000000000
010001010101011011011011010001000000
010001011111010001010001011111000000
010001011111001001001001001111000000
010001001101000011001101010001000000
000011000011000000000000000000000000
000000000000000000000000000000000000
000100000100000100000100011111000000
010001010001011111010001010001000000
010001011111010001010001011111000000
000100000100000100000100011111000000
000000000000000000000000000000000000
011111000001000001000001000001000000
001110010001010001010001001110000000
001110010001010001010001001110000000
010001001101000011001101010001000000
011111010000011111000001011111000000
000000000000000000000000000000000000
001110010001010001010001001110000000
010001011001010101010011010001000000
000000000000000000000000000000000000
000000000000000000000000000000000000
000000000000000000000000000000000000
000100000100000100000100011111000000
011111000001011111000001011111000000
010001010101011011011011010001000000
000001011111010001010001011111000000
011111000001011111000001011111000000
011111010000011111000001011111000000
000100000100000100000100011111000000
011111010000011111000001011111000000
000000000000000000000000000000000000
010001011111010001010001011111000000
010001011001010101010011010001000000
000111011001010001011001000111000000
000000000000000000000000000000000000
011111000100000100000100011111000000
011111010000011111000001011111000000
000000000000000000000000000000000000
010001011001010101010011010001000000
011111000001011111000001011111000000
000100001010001010010001010001000000
011111000001011111000001011111000000
010001011111001001001001001111000000
000000000000000000000000000000000000
011111010000011111000001011111000000
010001010001011111010001010001000000
010001011111010001010001011111000000
010001001101000011001101010001000000
011111000001011111000001011111000000
010001011001010101010011010001000000
000011000011000000000000000000000000
000000000000000000000000000000000000
011111000100000100000100011111000000
000100000100000100000100011111000000
000000000000000000000000000000000000
011111000100000100000100011111000000
011111010000011111000001011111000000
000000000000000000000000000000000000
000100000100000100000100011111000000
010001010001011111010001010001000000
011111000001011111000001011111000000
000000000000000000000000000000000000
000000000000000000000000000000000000
011111010000011111000001011111000000
000100000100000100000100011111000000
010001011111010001010001011111000000
010001011111001001001001001111000000
000000000000000000000000000000000000
000100000100000100000100011111000000
001110010001010001010001001110000000
000000000000000000000000000000000000
011111000001011111000001011111000000
000100001010001010010001010001000000
011111000001011111000001011111000000
010001011111001001001001001111000000
000100000100000100001010010001000000
000000000000000000000000000000000000
011111010101010101010101010101000000
010001011111010001010001011111000000
010001011001010101010011010001000000
000111011001010001011001000111000000
010001011111001001001001001111000000
011111000100000100000100011111000000
010001011001010101010011010001000000
011111010001011101000001011111000000
000000000000000000000000000000000000
011111010001011111001001001111000000
010001011111010001010001011111000000
010001011111001001001001001111000000
010001001101000011001101010001000000
000001000010000010000000000000000000
000000000000000000000000000000000000
011111010101010101010101010101000000
010001010001011111010001010001000000
001110010001010001010001001110000000
011111010000011111000001011111000000
011111000001011111000001011111000000
000000000000000000000000000000000000
011111010101010101010101010101000000
001110010001010001010001001110000000
010001011111001001001001001111000000
000100000100000100000100011111000000
010001010001011111010001010001000000
011111010000011111000001011111000000
000000000000000000000000000000000000
011111010001010001010001010001000000
010001011001010101010011010001000000
010001001101000011001101010001000000
010001011001010101010011010001000000
001110010001010001010001001110000000
011111010101010101010101010101000000
010001011001010101010011010001000000
000001000010000010000000000000000000
000000000000000000000000000000000000
010001011111010001010001011111000000
011111000001000001000001000001000000
000100000100000100000100011111000000
010001010001011111010001010001000000
001110010001010001010001001110000000
011111010001010001010001010001000000
011111010001011101000001011111000000
010001010001011111010001010001000000
000000000000000000000000000000000000
010001010001011111010001010001000000
011111000100000100000100011111000000
011111010000011111000001011111000000
000000000000000000000000000000000000
010001010001011111010001010001000000
011111000001011111000001011111000000
011111000100000100000100011111000000
011111010001011101000001011111000000
010001010001011111010001010001000000
000100000100000100000100011111000000
000000000000000000000000000000000000
011111010001011111001001001111000000
011111000001011111000001011111000000
000000000000000000000000000000000000
000100000100000100000100011111000000
010001011111010001010001011111000000
010001001101000011001101010001000000
011111000001011111000001011111000000
010001011001010101010011010001000000
000011000011000000000000000000000000
000000000000000000000000000000000000
000000000000000000000000000000000000
011111000001000001000001000001000000
001110010001010001010001001110000000
000100001010001010010001010001000000
011111000001011111000001011111000000
011111010000011111000001011111000000
000000000000000000000000000000000000
010001011001010101010011010001000000
001110010001010001010001001110000000
000100000100000100000100011111000000
000000000000000000000000000000000000
000100000100000100000100011111000000
011111000100000100000100011111000000
010001010101011011011011010001000000
011111000001011111000001011111000000
011111010000011111000001011111000000
000000000000000000000000000000000000
000001000001011111000001011111000000
001110010001010001010001001110000000
001110010001010001010001001110000000
011111000001000001000001000001000000
000001000010000010000000000000000000
000000000000000000000000000000000000
000100000100000100000100011111000000
010001010001011111010001010001000000
001110010001010001010001001110000000
011111010001010001010001010001000000
011111010001011101000001011111000000
010001010001011111010001010001000000
000000000000000000000000000000000000
010001011111001001001001001111000000
001110010001010001010001001110000000
011111010000011111000001011111000000
000100000100000100001010010001000000
000000000000000000000000000000000000
011111000001000001000001000001000000
011111000100000100000100011111000000
000001011111010001010001011111000000
011111010000011111000001011111000000
000000000000000000000000000000000000
000000000000000000000000000000000000
000000000000000000000000000000000000
010001011111010001010001011111000000
010001011001010101010011010001000000
000111011001010001011001000111000000
000000000000000000000000000000000000
011111000001000001000001011111000000
010001010001011111010001010001000000
011111000001011111000001011111000000
011111000001011111000001011111000000
010001001101000011001101010001000000
011111010000011111000001011111000000
000011000011000000000000000000000000
000000000000000000000000000000000000
011111010101010101010101010101000000
011111000100000100000100011111000000
000100000100000100000100011111000000
010001010001011111010001010001000000
011111000100000100000100011111000000
010001011001010101010011010001000000
000000000000000000000000000000000000
010001010001011111010001010001000000
011111000100000100000100011111000000
011111010000011111000001011111000000
000000000000000000000000000000000000
011111010001011111001001001111000000
011111000001011111000001011111000000
010001011001010101010011010001000000
000111011001010001011001000111000000
011111000100000100000100011111000000
010001011001010101010011010001000000
011111010001011101000001011111000000
000000000000000000000000000000000000
011111010000011111000001011111000000
011111000100000100000100011111000000
011111000001000001000001011111000000
010001001101000011001101010001000000
011111000001000001000001000001000000
011111000001011111000001011111000000
011111010000011111000001011111000000
000000000000000000000000000000000000
000000000000000000000000000000000000
000000000000000000000000000000000000
011111000001000001000001011111000000
001110010001010001010001001110000000
010001010101011011011011010001000000
000001011111010001010001011111000000
010001011111010001010001011111000000
011111010000011111000001011111000000
011111010000011111000001011111000000
000000000000000000000000000000000000
011111000001000001000001011111000000
001110010001010001010001001110000000
010001010101011011011011010001000000
011111000001011111000001011111000000
000011000011000000000000000000000000
000000000000000000000000000000000000
011111000001000001000001000001000000
001110010001010001010001001110000000
000100001010001010010001010001000000
011111000001011111000001011111000000
000000000000000000000000000000000000
010001011111010001010001011111000000
011111000001000001000001000001000000
000100000100000100000100011111000000
011111000001011111000001011111000000
010001011111001001001001001111000000
011111010000011111000001011111000000
000000000000000000000000000000000000
010001011001010101010011010001000000
001110010001010001010001001110000000
000100000100000100000100011111000000
000000000000000000000000000000000000
011111010101010101010101010101000000
011111000100000100000100011111000000
000100000100000100000100011111000000
010001010001011111010001010001000000
000000000000000000000000000000000000
010001010001011111010001010001000000
011111000100000100000100011111000000
011111010000011111000001011111000000
000000000000000000000000000000000000
000000000000000000000000000000000000
000000000000000000000000000000000000
011111010001011111001001001111000000
010001011111001001001001001111000000
011111000100000100000100011111000000
011111000001011111000001011111000000
000001000001011111000001011111000000
000000000000000000000000000000000000
010001010001011111010001010001000000
001110010001010001010001001110000000
011111010001010001010001010001000000
010001011111001001001001001111000000
011111010000011111000001011111000000
000000000000000000000000000000000000
010001011111010001010001011111000000
010001011001010101010011010001000000
000111011001010001011001000111000000
000000000000000000000000000000000000
011111010101010101010101010101000000
011111000001011111000001011111000000
011111000001011111000001011111000000
010001001101000011001101010001000000
011111010000011111000001011111000000
000001000010000010000000000000000000
000000000000000000000000000000000000
011111010001011111001001001111000000
011111010001010001010001010001000000
000100000100000100000100011111000000
000000000000000000000000000000000000
011111010001011111001001001111000000
011111000001011111000001011111000000
010001011111010001010001011111000000
010001011111001001001001001111000000
011111010000011111000001011111000000
000000000000000000000000000000000000
011111000100000100000100011111000000
000100000100000100000100011111000000
000000000000000000000000000000000000
001110010001010001010001001110000000
011111010001010001010001010001000000
000100000100000100000100011111000000
000000000000000000000000000000000000
000000000000000000000000000000000000
011111000001011111000001011111000000
000100001010001010010001010001000000
011111000001011111000001011111000000
010001011001010101010011010001000000
000000000000000000000000000000000000
000100000100000100000100011111000000
001110010001010001010001001110000000
000000000000000000000000000000000000
000100000100000100000100011111000000
010001010001011111010001010001000000
011111000001011111000001011111000000
000000000000000000000000000000000000
011111000001011111000001011111000000
000111011001010001011001000111000000
011111010001011101000001011111000000
011111000001011111000001011111000000
000000000000000000000000000000000000
001110010001010001010001001110000000
000001000001011111000001011111000000
000000000000000000000000000000000000
000111011001010001011001000111000000
001110010001010001010001001110000000
001110010001010001010001001110000000
010001010101011011011011010001000000
000011000011000000000000000000000000
000000000000000000000000000000000000
011111000100000100000100011111000000
000001000001011111000001011111000000
000000000000000000000000000000000000
000100000100000100000100011111000000
010001010001011111010001010001000000
011111000100000100000100011111000000
011111010000011111000001011111000000
000000000000000000000000000000000000
011111010001011111001001001111000000
011111000001011111000001011111000000
000000000000000000000000000000000000
000000000000000000000000000000000000
000000000000000000000000000000000000
000000000000000000000000000000000000
000000000000000000000000000000000000
011111000001011111000001011111000000
010001011111001001001001001111000000
010001011111001001001001001111000000
001110010001010001010001001110000000
010001011111001001001001001111000000
000000000000000000000000000000000000
010001011111010001010001011111000000
010001011001010101010011010001000000
000111011001010001011001000111000000
000000000000000000000000000000000000
011111010001010001010001010001000000
000001011111010001010001011111000000
001110010001010001010001001110000000
010001011001010101010011010001000000
000000000000000000000000000000000000
010001010101011011011011010001000000
011111000001011111000001011111000000
000000000000000000000000000000000000
000001011111010001010001011111000000
010001011111001001001001001111000000
001110010001010001010001001110000000
000100001010001010010001010001000000
011111000001011111000001011111000000
000111011001010001011001000111000000
000001000010000010000000000000000000
000000000000000000000000000000000000
011111000100000100000100011111000000
000000000000000000000000000000000000
010001011001010101010011010001000000
011111000001011111000001011111000000
000100001010001010010001010001000000
011111000001011111000001011111000000
010001011111001001001001001111000000
000000000000000000000000000000000000
011111010101010101010101010101000000
010001011111001001001001001111000000
011111000100000100000100011111000000
000100000100000100000100011111000000
000001000010000010000000000000000000
000000000000000000000000000000000000
000000000000000000000000000000000000
010001011001010101010011010001000000
001110010001010001010001001110000000
010001011111001001001001001111000000
000000000000000000000000000000000000
010001011001010101010011010001000000
001110010001010001010001001110000000
000000000000000000000000000000000000
010001010101011011011011010001000000
010001011111010001010001011111000000
010001011001010101010011010001000000
000000000000000000000000000000000000
011111000001011111000001011111000000
000100001010001010010001010001000000
011111000001011111000001011111000000
010001011111001001001001001111000000
000000000000000000000000000000000000
011111000001000001000001000001000000
001110010001010001010001001110000000
000100001010001010010001010001000000
011111000001011111000001011111000000
000111011001010001011001000111000000
000011000011000000000000000000000000
001110010001010001010001001110000000
000101000101011011000100000100000000
000000000000000000000000000000000000
000000000000000000000000000000000000
000000000000000000000000000000000000
000000000000000000000000000000000000
000000000000000000000000000000000000
000000000000000000000000000000000000
000000000000000000000000000000000000
000000000000000000000000000000000000
000000000000000000000000000000000000
000000000000000000000000000000000000
000000000000000000000000000000000000
000000000000000000000000000000000000
000000000000000000000000000000000000
000000000000000000000000000000000000
000000000000000000000000000000000000
000000000000000000000000000000000000
000000000000000000000000000000000000
000000000000000000000000000000000000
000000000000000000000000000000000000
000000000000000000000000000000000000
000000000000000000000000000000000000
000000000000000000000000000000000000
000000000000000000000000000000000000
000000000000000000000000000000000000
000000000000000000000000000000000000
000000000000000000000000000000000000
000000000000000000000000000000000000
000000000000000000000000000000000000
000000000000000000000000000000000000
000000000000000000000000000000000000
000000000000000000000000000000000000
000000000000000000000000000000000000
000000000000000000000000000000000000
000000000000000000000000000000000000
000000000000000000000000000000000000
000000000000000000000000000000000000
000000000000000000000000000000000000
000000000000000000000000000000000000
000000000000000000000000000000000000
000000000000000000000000000000000000
000000000000000000000000000000000000
000000000000000000000000000000000000
000000000000000000000000000000000000
000000000000000000000000000000000000
000000000000000000000000000000000000
000000000000000000000000000000000000
000000000000000000000000000000000000
000000000000000000000000000000000000
000000000000000000000000000000000000
000000000000000000000000000000000000
000000000000000000000000000000000000
000000000000000000000000000000000000
000000000000000000000000000000000000
000000000000000000000000000000000000
000000000000000000000000000000000000
000000000000000000000000000000000000
000000000000000000000000000000000000
000000000000000000000000000000000000
000000000000000000000000000000000000
000000000000000000000000000000000000
000000000000000000000000000000000000
000000000000000000000000000000000000
000000000000000000000000000000000000
000000000000000000000000000000000000
000000000000000000000000000000000000
000000000000000000000000000000000000
000000000000000000000000000000000000
000000000000000000000000000000000000
000000000000000000000000000000000000
000000000000000000000000000000000000
000000000000000000000000000000000000
000000000000000000000000000000000000
000000000000000000000000000000000000
000000000000000000000000000000000000
000000000000000000000000000000000000
000000000000000000000000000000000000
000000000000000000000000000000000000
000000000000000000000000000000000000
000000000000000000000000000000000000
000000000000000000000000000000000000
000000000000000000000000000000000000
000000000000000000000000000000000000
000000000000000000000000000000000000
000000000000000000000000000000000000
000000000000000000000000000000000000
000000000000000000000000000000000000
000000000000000000000000000000000000
000000000000000000000000000000000000
000000000000000000000000000000000000
000000000000000000000000000000000000
000000000000000000000000000000000000
000000000000000000000000000000000000
000000000000000000000000000000000000
000000000000000000000000000000000000
000000000000000000000000000000000000
000000000000000000000000000000000000
000000000000000000000000000000000000
000000000000000000000000000000000000
000000000000000000000000000000000000
000000000000000000000000000000000000
000000000000000000000000000000000000
000000000000000000000000000000000000
000000000000000000000000000000000000
000000000000000000000000000000000000
000000000000000000000000000000000000
000000000000000000000000000000000000
000000000000000000000000000000000000
000000000000000000000000000000000000
000000000000000000000000000000000000
000000000000000000000000000000000000
000000000000000000000000000000000000
000000000000000000000000000000000000
000000000000000000000000000000000000
000000000000000000000000000000000000
000000000000000000000000000000000000
000000000000000000000000000000000000
000000000000000000000000000000000000
000000000000000000000000000000000000
000000000000000000000000000000000000
000000000000000000000000000000000000
000000000000000000000000000000000000
000000000000000000000000000000000000
000000000000000000000000000000000000
000000000000000000000000000000000000
000000000000000000000000000000000000
000000000000000000000000000000000000
000000000000000000000000000000000000
000000000000000000000000000000000000
000000000000000000000000000000000000
000000000000000000000000000000000000
000000000000000000000000000000000000
000000000000000000000000000000000000
000000000000000000000000000000000000
000000000000000000000000000000000000
000000000000000000000000000000000000
000000000000000000000000000000000000
000000000000000000000000000000000000
000000000000000000000000000000000000
000000000000000000000000000000000000
000000000000000000000000000000000000
000000000000000000000000000000000000
000000000000000000000000000000000000
000000000000000000000000000000000000
000000000000000000000000000000000000
000000000000000000000000000000000000
000000000000000000000000000000000000
000000000000000000000000000000000000
000000000000000000000000000000000000
000000000000000000000000000000000000
000000000000000000000000000000000000
000000000000000000000000000000000000
000000000000000000000000000000000000
